6.93
5.77
3.94
2.49
3.22
2.29
1.23
1.4
2.29
3.59
5.42
7.66
7.55
6.5
4.73
4.96
3.21
1.86
1.42
2.07
5.0
9.0
10.91
8.67
5.3
3.4
2.52
1.65
0.88
1.3
2.79
4.59
6.61
17.21
18.33
16.78
11.35
8.83
12.62
11.0
8.98
2.57
4.62
8.02
33.24
27.1
19.23
15.51
14.77
12.38
10.36
8.12
9.06
11.25
24.35
28.66
28.08
23.68
24.55
16.89
22.18
13.45
10.45
4.14
6.61
11.43
25.23
30.26
22.09
20.69
15.26
20.94
15.74
15.04
6.76
10.03
11.52
28.63
20.67
17.57
11.52
10.72
18.19
17.13
14.95
7.88
5.74
19.22
27.86
32.47
30.94
26.4
14.65
17.39
14.35
10.61
4.11
9.25
15.19
31.21
31.03
31.57
23.9
20.72
15.84
14.19
11.37
6.61
5.74
19.78
28.21
22.69
19.44
22.7
25.36
25.22
19.11
9.34
10.03
8.16
15.94
18.58
25.14
14.92
19.55
10.72
17.09
9.01
13.04
6.66
9.16
8.06
25.06
18.38
22.82
12.14
18.1
9.48
12.19
5.32
11.28
9.43
17.81
15.82
8.63
5.48
5.24
5.12
8.12
5.51
8.66
6.02
10.8
10.41
17.61
18.6
9.48
9.24
5.75
5.62
3.63
3.54
7.94
6.92
21.22
20.94
21.44
14.68
10.44
4.78
4.0
3.98
4.1
9.2
7.77
22.79
21.81
27.82
17.76
21.62
10.44
19.58
14.98
14.96
9.79
7.55
14.86
28.12
24.12
17.31
8.84
9.17
8.53
10.29
5.58
10.62
11.84
15.24
18.55
25.41
13.99
17.57
8.7
13.23
6.22
9.06
5.05
8.82
10.05
22.47
19.24
26.74
15.69
20.45
9.58
10.67
4.06
7.28
10.36
15.12
17.52
21.47
11.55
9.47
6.42
6.23
7.35
5.14
12.86
12.44
23.61
14.49
21.32
14.43
19.57
11.63
18.28
9.78
13.12
6.71
11.91
10.91
17.19
23.55
12.85
18.08
10.42
14.73
6.32
6.95
2.83
5.17
8.19
23.23
15.67
12.88
5.18
3.62
2.56
1.69
2.02
2.64
7.1
10.08
15.19
19.57
11.44
10.7
5.66
10.69
7.48
11.24
6.02
10.68
9.94
8.24
9.93
8.21
4.63
4.76
6.84
7.7
6.13
5.72
5.91
12.29
27.78
23.15
25.73
27.98
41.74
45.25
34.01
20.93
13.73
16.96
33.67
22.99
26.75
18.51
21.69
15.96
15.93
6.96
3.65
4.15
5.06
12.48
20.95
27.55
19.6
21.26
13.88
25.43
17.57
16.68
4.15
6.55
13.63
22.54
29.82
22.32
19.76
18.55
15.8
14.16
6.02
4.12
4.98
9.43
16.88
19.16
22.95
19.05
16.68
10.14
7.94
5.03
4.72
4.75
12.01
16.86
24.22
27.25
27.51
22.23
15.9
11.49
5.76
4.14
5.26
14.23
25.72
24.93
20.38
12.73
14.32
20.05
16.59
12.17
2.34
5.89
21.2
28.42
21.49
21.55
14.97
13.87
16.56
12.69
11.19
3.69
5.8
9.81
29.58
23.59
27.89
16.33
17.09
15.85
13.15
10.95
4.87
7.4
13.04
24.2
24.5
15.54
14.15
10.6
10.16
6.45
4.46
5.3
5.24
19.2
18.67
24.58
20.53
24.15
15.93
20.08
9.89
9.1
3.33
6.45
10.09
23.07
22.68
13.59
14.42
14.65
14.2
8.83
5.02
4.28
3.96
16.01
25.91
26.64
21.89
17.89
10.32
10.21
8.34
6.13
12.08
13.09
26.31
23.82
24.79
21.88
22.46
18.98
23.22
15.37
12.33
6.3
7.63
13.99
33.69
28.14
29.99
21.54
23.57
19.54
15.79
10.97
6.01
5.73
12.85
34.33
28.85
31.42
21.72
21.91
20.56
16.39
10.45
3.28
6.07
20.88
28.5
20.42
25.86
18.2
25.13
16.32
14.39
4.77
4.53
6.38
11.98
20.53
19.49
16.04
16.46
16.16
20.93
11.97
12.39
5.68
9.57
11.47
19.37
25.76
22.2
25.25
16.82
18.58
8.59
6.45
3.03
5.04
11.02
28.39
26.4
19.63
16.79
19.85
14.59
12.58
8.42
5.3
6.44
10.59
33.9
25.21
30.15
29.87
28.81
18.49
9.28
7.21
4.14
16.1
22.44
28.07
29.34
24.29
23.17
20.58
23.94
13.08
11.35
6.65
10.67
15.8
26.81
26.22
24.26
21.68
24.99
18.41
14.55
8.37
6.08
7.27
13.4
29.53
28.77
28.74
24.84
23.93
27.57
26.83
18.99
12.87
9.15
27.56
38.14
35.97
28.76
30.36
36.12
35.2
24.37
14.81
6.03
11.24
16.24
37.43
34.12
26.94
18.61
19.67
12.98
12.14
6.49
9.88
10.63
14.66
28.0
31.84
21.36
24.42
16.07
21.64
12.6
13.86
8.77
13.75
23.3
42.84
34.25
29.15
18.92
22.5
18.66
14.24
7.56
6.73
7.09
14.62
24.45
24.65
33.56
23.74
24.3
20.94
15.8
14.75
6.25
10.65
13.94
34.53
28.48
28.79
18.02
23.98
18.4
17.97
8.83
8.65
7.91
14.75
18.29
26.84
23.0
24.97
15.93
21.58
12.87
13.52
6.2
7.64
16.63
14.05
13.32
11.51
15.29
15.46
17.94
9.59
11.25
6.69
11.04
12.69
16.77
18.58
15.93
19.71
19.53
17.3
8.22
4.3
4.4
6.42
17.98
23.05
27.8
18.66
21.68
15.41
18.89
9.82
10.94
5.46
8.12
14.78
29.91
21.6
21.95
12.92
16.27
16.15
15.19
11.01
6.27
7.37
11.72
21.06
22.72
18.46
21.58
15.47
21.51
12.18
13.34
5.43
9.86
11.56
72.33
68.92
55.25
40.12
29.79
25.82
18.87
10.75
7.69
9.78
31.12
39.04
31.49
35.54
25.02
29.35
18.64
17.56
9.03
10.74
11.31
23.39
24.76
24.28
21.91
20.31
18.81
23.17
15.12
13.17
5.96
8.98
15.0
36.78
30.13
29.22
17.12
19.2
16.06
11.37
7.08
6.54
11.56
16.4
31.54
36.45
25.42
32.56
27.48
30.33
15.11
10.63
5.34
9.97
24.21
24.16
27.44
23.46
23.35
17.62
20.52
12.5
11.31
5.93
10.09
19.61
26.95
29.0
25.7
25.94
26.46
29.9
16.4
10.04
4.34
6.58
13.09
18.79
18.37
18.48
16.66
16.96
12.69
9.87
6.87
6.81
11.86
17.55
31.25
26.39
25.28
18.09
24.21
19.97
15.99
7.08
10.35
12.78
30.22
28.67
32.36
22.17
25.75
20.63
26.71
16.38
16.51
8.33
12.85
17.7
31.87
26.61
29.34
20.84
24.15
17.22
16.55
9.63
12.26
11.84
22.44
32.41
39.43
25.36
28.55
21.14
23.06
11.9
9.62
8.1
10.67
21.66
22.63
27.11
23.44
25.74
18.61
24.96
16.62
17.24
9.14
13.32
17.49
36.09
27.83
30.14
21.52
20.0
17.83
11.86
12.43
7.76
20.56
24.34
30.08
24.03
25.42
24.8
19.33
14.77
9.27
8.6
6.0
11.04
14.79
32.61
28.05
31.75
22.7
28.43
22.34
19.48
8.99
5.64
7.69
15.58
34.48
28.73
29.92
20.21
26.79
22.01
20.26
9.15
10.35
10.08
16.06
26.19
25.97
23.55
22.23
22.49
23.91
17.45
8.69
5.76
8.56
24.37
30.82
24.6
18.43
15.5
14.91
18.39
13.0
11.27
6.72
11.77
19.32
24.83
21.83
20.31
16.13
18.42
15.12
12.81
6.67
5.88
8.46
17.72
31.23
30.48
23.19
19.02
24.66
23.73
20.74
8.75
6.79
7.8
16.58
27.13
25.92
20.22
19.15
21.83
20.67
15.57
7.2
3.33
5.59
17.94
30.6
30.0
20.55
19.1
17.19
16.75
8.8
5.82
5.47
7.94
19.47
31.65
30.57
25.26
17.51
22.88
19.18
17.53
8.61
7.68
6.79
15.91
27.74
30.04
25.18
22.68
19.93
14.91
14.05
9.12
8.29
6.52
19.65
24.64
24.59
25.23
24.44
28.99
20.34
17.18
8.39
8.41
7.4
21.68
38.1
29.54
30.86
22.78
20.82
21.28
15.39
14.31
4.46
7.91
13.6
36.52
30.22
31.96
23.88
25.83
18.04
12.89
6.62
4.08
7.32
13.18
37.76
25.76
34.3
27.83
32.5
28.78
25.19
15.87
8.25
6.42
14.8
28.52
36.23
28.13
30.41
20.41
24.51
14.12
13.2
4.25
7.31
12.47
32.32
24.67
23.81
21.2
22.35
21.18
14.08
9.0
5.55
4.61
16.7
29.25
23.68
30.54
25.76
30.05
18.38
17.58
8.05
10.19
8.51
19.64
37.03
29.2
25.56
20.75
20.34
21.57
12.58
9.06
4.68
5.91
12.56
43.17
39.3
37.01
22.91
22.01
19.81
15.97
8.47
3.59
7.8
16.11
39.49
33.29
35.2
23.79
25.64
18.15
13.68
6.38
2.96
4.53
16.94
35.53
35.41
32.6
20.96
18.27
20.05
15.07
11.3
3.19
6.01
13.26
33.47
35.18
24.94
19.41
17.36
17.15
12.48
6.85
4.1
6.97
14.07
32.16
31.25
27.26
30.68
23.25
29.75
18.38
13.32
5.9
7.92
19.82
